3264 785 5874 7780 9586 9382 1423 6536 2787
4194 3546 8945 3069 3233 2116 5143 4327 6154
5996 1766 9456 7998 9349 527 4843 8292 1315
6159 1502 9425 4710 6150 8048 7379 3420 2574
4424 7886 1883 3945 7256 7292 7757 4116 1675
3574 2223 5781 1051 7993 4987 3138 5523 2229
2723 6947 4131 1176 313 9561 1741 1126 8356
6903 2014 4014 9650 6768 501 3907 3255 8531
7788 6091 8484 7116 3573 5767 9005 2495 5074
2415 3164 3371 2364 3376 3371 3668 983 6618
6034 5610 3423 7293 2572 6260 111 1099 4381
8282 2933 2675 4148 3730 7487 468 7349 4413
2437 2091 2840 5243 9496 7143 7211 2871 8668
7002 835 2043 6221 5678 3477 8458 4379 561
8078 7483 6979 2471 6166 8429 4863 8909 3640
588 1366 1589 3667 5995 4068 8372 1149 447
9892 2092 4189 4945 4251 1052 7774 5584 2159
5427 2080 2445 2434 373 5361 5221 2253 9930
163 2839 6525 2852 2086 5061 9249 1542 1969
236 1089 6358 886 146 8233 1064 6340 3369
5595 236 5589 4318 447 3702 3716 395 530
3110 9092 7333 7612 5710 2699 5216 9245 2914
154 1832 1522 4773 7661 1825 4986 6317 8761
8417 1699 8139 2414 3992 5098 944 9803 9763
8300 1884 6622 4411 7949 5070 2317 4551 5203
1702 8779 1163 7750 1153 9134 7121 4209 1199
9782 7202 8400 132 2648 5761 1065 9381 584
5729 1524 2293 4510 3440 2220 9794 9406 3718
4734 4981 5227 7708 5476 7583 875 5917 4186
6470 9451 9922 4117 6453 4094 1710 6479 8457
2764 1073 6901 4271 2002 1183 3712 8011 2505
3692 7261 2720 8858 4872 4332 9870 7294 727
4766 5368 6623 727 7 897 8043 1705 3682
3928 143 6012 3498 9917 9987 5885 1773 3537
2870 2873 9375 6943 6339 7521 6310 4830 4048
7592 9541 4121 6044 8523 4443 6254 5729 7833
4090 5733 2503 4059 9470 5729 5505 2617 2725
2512 4729 2891 7656 1395 5101 5444 2080 1825
4989 563 2767 4643 6093 3979 3947 193 1725
4537 4123 7181 2073 2788 1965 1574 1199 2350
5441 5420 8001 5266 915 4254 4529 5328 148
8828 6307 2269 5243 3181 5382 9914 5071 6636
6689 9086 8940 7694 1340 489 4138 5790 7541
1028 8005 2780 716 7466 1236 8956 2400 7755
2880 7599 717 3123 3362 7773 5168 1584 7886
6823 1898 5576 5463 5343 6731 6534 3768 4658
8029 5370 127 2681 181 3036 8920 8478 8772
4477 1071 7726 2062 1308 3248 8673 6469 5910
9690 4619 7078 4881 9158 8946 1705 3713 7494
9018 2491 1352 3335 9801 2593 941 576 8230
3733 3962 5912 1270 1592 6142 5598 210 1397
2533 4250 6462 3647 9022 5578 7088 8715 3628
9595 3604 6458 6832 1237 7906 1261 1754 4016
7547 5756 6408 9727 4987 9980 513 314 4823
4185 7353 9054 680 9821 4406 8211 5509 6725
5181 3373 6375 8346 669 4703 6090 8372 3993
6628 7647 1189 6460 6258 5691 7738 5220 372
9852 2979 5285 9475 4299 8810 3475 8204 4484
262 2919 2326 9663 5073 8372 2776 5027 1305
6295 2337 4635 5128 2958 7535 1404 8969 6477
9099 8518 9590 9616 1217 2874 8227 2784 759
4500 2608 2482 6206 9057 5149 114 773 1374
9115 2498 7276 1733 3862 403 9264 1223 4199
6162 8971 2697 2588 3059 6704 6132 1739 9367
5392 6799 7278 8118 4824 7833 3029 4259 9577
171 7018 196 4068 2519 4692 7458 4727 3354
1520 2081 2346 5104 3480 9694 8183 5480 3997
5617 9820 3142 7714 4518 4433 4494 5841 3670
9198 4196 7242 5554 1699 9459 6709 1280 1221
6866 6553 2899 570 6002 5165 6012 5670 6913
3683 1444 694 3924 8292 2493 4546 5790 9851
1067 7071 8331 1906 4649 943 2614 8364 1768
2299 5512 2627 7334 5588 4146 7318 7999 6016
576 4299 445 6400 642 2448 178 6683 2930
2058 3584 4240 1693 9297 7270 4058 2163 2485
7734 3161 8020 2234 17 2662 3468 2659 7229
6242 5059 747 791 1671 8545 7297 2730 2043
2256 1073 5660 998 1694 8160 7111 3428 1201
7751 9784 3922 1175 8306 1139 2655 5167 2415
193 4583 6651 7314 9789 2739 8662 7680 4983
3138 6490 9077 9241 5700 7909 5387 4255 3660
3506 3681 5395 3797 3259 8352 3027 4141 6210
7994 4347 3140 4503 5978 4841 9827 404 8044
1627 1155 2048 2344 1677 5240 3357 1066 8901
3458 4624 4336 5060 8128 9185 5002 5879 452
4321 801 6385 4361 6806 5285 1954 2357 7397
3867 8438 9033 6334 3295 4757 1032 3809 874
563 4757 1121 5827 2837 1534 4071 6605 120
9183 1771 7187 6375 5707 5416 5639 1566 3728
8352 5957 7391 7807 5509 1826 7507 5055 7428
7253 7569 6592 7318 2274 1784 2073 5483 8216
6992 8869 4039 9935 5292 3712 7933 4035 1660
6298 4594 8997 1353 3419 6776 3952 2785 5303
5422 5047 3842 363 7457 8874 7831 2464 8079
7670 812 8880 6551 6150 8579 1916 3135 6175
999 8824 5638 4555 6462 9852 1673 9100 3592
3100 8008 8866 4480 356 210 5320 9553 873
3158 4187 3140 3220 3240 1342 268 5917 860
4395 4426 5330 9278 1115 7698 8679 5043 5424
8678 828 3991 4627 5609 7689 8511 6494 8886
5905 2148 8615 6524 8874 4817 3448 7411 7310
1365 6942 4146 2938 6532 435 3501 100 7851
6363 3406 2492 5290 1476 4072 1101 5960 4889
8157 5954 8211 3172 2566 1538 1037 2090 4034
1857 1807 3960 8633 7943 546 3015 2116 1184
9752 9262 7593 5300 7106 7666 9718 2474 432
6813 2061 5050 6465 4146 7882 9021 5296 634
4023 8227 1156 2455 1209 6998 9245 1808 9587
2988 7371 7534 5585 6700 168 7735 6931 7077
5325 1570 8861 940 7045 101 8001 6601 1288
29 8894 5014 1366 4935 1747 3239 9393 7289
6041 2920 5067 9599 5049 8357 1204 319 1054
6523 7943 2938 1138 6153 7233 8816 3442 4208
924 7448 7377 5026 7163 4206 1484 2125 7765
9827 2931 6190 5216 1861 1767 6916 9511 7212
7328 2453 2255 4458 3782 6379 1602 7808 7891
7370 4273 7470 6400 6756 1184 9644 1186 4289
1334 2046 423 3506 9690 6352 2436 8531 8392
1452 8435 4438 4008 7289 123 76 8511 2649
3190 4155 3063 9371 7476 6383 2043 4062 3040
2194 4759 6565 8300 7850 3269 5298 7748 6791
3562 5794 8822 2120 7787 1493 5985 2484 9677
374 638 4325 4106 4005 811 8221 3025 1507
4091 5243 2285 2837 7920 6289 9641 5141 4662
3326 9833 3029 4347 3118 9664 7008 6707 7180
4400 3230 1790 454 2788 1959 582 4397 9174
719 831 2528 1162 4002 901 2680 8853 6119
5236 452 1213 7434 2936 4162 7284 3499 8238
3615 9928 6366 5926 1693 7074 6055 7468 8701
2802 4627 789 9420 7064 6872 208 2278 7083
9584 3307 1628 9407 5834 2797 1589 5569 8342
3039 620 5352 7604 7226 8937 4127 3395 3833
2350 22 417 8242 5011 6287 9771 4647 3699
314 1017 1111 4727 7145 800 3809 2738 6708
2103 3270 9175 1827 5159 5838 7157 5347 9166
3168 9065 3580 2132 2471 1445 6742 6119 7927
4630 9667 9886 5206 1000 568 8049 4921 7944
1215 1960 4220 4186 9506 5857 3201 917 9447
9543 1356 4242 7507 4248 3444 7221 6116 481
9990 4443 8871 5329 6380 5930 5794 5886 750
9915 1858 6073 5748 6445 1731 9907 6042 7365
8417 4740 1419 1164 5937 8539 9568 6961 9741
618 3199 5079 8418 4072 5785 8234 4939 8823
888 134 4646 2581 4171 1678 8705 3620 8300
3988 7169 6772 7536 3903 3444 5511 7065 8227
9508 3999 4174 1947 7421 101 4373 7517 5924
1991 9541 5918 4627 8283 2926 6450 5842 4443
5152 7684 3051 3296 1990 9062 3387 6073 9107
4092 4613 7501 4258 9877 9823 100 4412 2638
1902 150 381 4871 5317 2204 8388 9537 2968
8628 7075 588 7770 2472 3336 8041 3664 810
1305 6267 7368 7884 185 8226 6008 3804 9689
3149 9689 9666 187 5377 6646 6868 4 4497
2568 6019 5557 6077 502 4822 3369 3286 3557
5557 6434 1215 5150 644 7783 3355 4612 1351
2502 8678 434 5187 6432 5553 2953 3000 7328
9466 8843 2058 8258 7603 7570 5091 5944 2418
7629 1919 2163 9849 4866 5584 6569 8938 7440
5106 7610 4691 5517 8851 1552 2312 1282 7771
9585 2971 3335 6878 4049 6549 5694 328 3719
1347 580 7252 8792 9106 1773 6780 399 2755
8659 9191 4594 8519 6777 3968 5572 7311 9855
31 4012 86 3078 3085 9505 7427 2162 6463
733 2595 9092 2071 6043 1787 6668 5820 2627
7562 7284 5386 3657 6818 3991 7801 7415 9188
7432 4587 699 6619 7298 6425 5598 3360 571
1070 3969 3334 8467 2001 1259 3867 4507 8648
1951 6671 839 5695 9542 5437 285 1720 5735
9833 8454 6098 8452 8665 1353 4465 9938 783
5086 876 9775 2043 4604 9445 4326 4154 6530
5754 69 6775 5958 502 8604 6707 6149 5367
7627 7809 4590 8523 8821 8930 9199 6221 269
603 5208 3047 1222 3407 8112 5771 2845 6199
5065 4966 4218 7315 8508 919 122 9579 3532
5615 487 2149 4914 2090 7487 1792 9911 9267
6470 5525 3361 8859 598 3987 1546 9076 2823
1621 9198 9512 6004 3856 2849 4213 4205 9864
7205 3685 5560 1750 2649 3199 183 9614 5597
4240 6390 6929 3093 1356 9296 8573 4810 8164
9921 4764 7838 4707 9426 4944 7683 6560 2478
6764 7920 9983 1556 7790 9923 675 8882 3103
5556 1645 4266 6068 6560 1958 8136 8929 4194
288 1153 3035 891 7724 6316 1715 2296 3931
3903 5584 7939 1888 3914 5976 1715 8882 8953
7149 8772 617 7060 6822 4483 3550 7732 3220
4186 4805 4359 2271 9396 488 4875 736 1427
2868 6555 8853 9598 6981 3379 6991 6003 3796
7599 6186 4399 2812 935 581 2098 1186 5235
9522 1349 9894 7584 6048 1981 3598 3056 8503
9145 8891 3125 8660 3458 5842 3396 5227 3237
7165 7157 2658 1501 6951 9044 8894 9968 1930
8231 8119 5909 9602 367 3467 5665 500 2861
1163 6300 7049 9528 5317 9429 8715 8101 4510
9925 8239 1544 691 6116 9763 7278 5928 5359
8414 4340 4366 9273 9275 1868 1591 4374 5639
2789 7223 3630 5397 8014 4766 2431 6866 2728
6222 2253 4263 1638 7300 6204 9996 3462 213
4480 4742 2129 2408 4765 7365 5585 6428 3556
9602 8046 1110 7919 5749 4725 4702 5149 206
1480 5763 9068 4765 1550 2831 9985 6035 7151
3158 6850 5152 1277 331 7360 9167 9452 2513
7501 2479 6948 7907 3784 6364 2645 1551 824
780 2148 3792 5504 8765 3241 850 6248 6146
5270 5684 7621 5807 9726 3161 3434 9775 3164
782 834 4214 7479 6662 8545 8707 4445 8420
9348 8594 1834 1076 4680 4639 4073 6718 6001
7935 1857 3940 4186 9550 5276 5257 9746 2450
8397 8531 4578 776 9954 3736 7240 8847 1308
6844 2218 8977 78 8652 9795 4734 2458 1084
4556 4690 5147 1379 9444 7659 3808 796 9150
9247 7879 5341 1294 7218 4812 6880 7231 979
456 331 2480 9413 2610 1677 1518 3890 3120
7031 8631 932 2060 498 9818 7619 1648 680
3510 9078 1930 4700 1860 6373 2803 4296 6784
2805 1458 3546 2527 5189 7967 8239 7613 5870
7066 5006 509 2853 8157 7074 4621 2460 5068
2919 6959 1881 6814 2277 9132 5727 6346 1262
5230 6590 9801 6568 3503 5579 6163 2714 2953
188 5700 3016 7870 2720 908 4622 2608 1782
1802 8092 1139 9304 8746 1904 6140 9841 2174
4820 5968 9972 1134 6879 1522 4800 6366 6079
4401 9434 1375 8222 7866 8056 9938 8541 1642
9673 7044 2721 6230 4720 7165 2532 7730 6335
6034 2890 5176 2119 6249 1188 6524 3776 6882
2013 1112 9310 80 747 6370 8614 5463 1962
9659 6287 3487 6056 4485 1354 6085 4474 1044
3830 8275 7123 9033 7900 9079 9681 5940 7477
1027 4797 2689 9317 6734 3134 8044 4888 7518
3735 1736 6746 4070 9828 1153 6894 2414 4677
7209 5823 8311 807 5676 6380 3306 6170 869
5156 5226 8623 8505 212 3244 4202 5968 5201
2963 597 9336 2738 464 1928 3717 3076 6367
7628 4969 2165 9269 1890 6901 1456 3724 8032
2152 9800 1456 7544 2184 9056 4086 301 9427
3237 5683 5090 3274 6109 5391 260 7696 3805
7074 5872 607 1721 7968 5427 7098 2196 3488
8019 8636 5851 4224 8982 8786 8618 1326 7438
7055 8143 3220 5817 4017 2806 6571 6767 1610
5615 4554 6417 6792 8880 751 1117 275 4423
5813 852 7668 7939 9796 1806 1574 6652 6357
6207 6756 2266 6191 6342 202 9921 3759 4585
769 3209 3732 8011 1457 1973 2827 3592 4804
2777 7225 7736 3358 6130 3282 2436 772 6638
725 2230 6333 4943 1353 109 7191 2198 1928
2005 2896 942 645 2627 171 9763 5610 7185
7243 3264 796 3739 3620 4472 8389 8394 2377
2356 2315 4139 1131 71 7034 6397 8287 7652
8352 1513 9889 4852 5911 542 8889 8692 3434
7102 6874 6347 8805 1596 4270 2071 8600 9198
9407 1891 3231 8497 8631 2451 1872 4834 4420
7542 3900 2076 5134 5791 7668 3023 6048 8660
1019 1337 217 8940 7532 1993 7201 2061 5627
2123 1053 314 2705 8641 4420 1138 1029 1018
6304 9533 1675 4046 339 6721 4294 2744 510
5087 8800 7703 8009 1041 1615 3684 4232 1704
8019 1607 1985 7088 8562 1645 9507 6632 2962
443 9805 2587 5113 4862 5438 8516 9135 9548
7447 4920 4521 9955 7775 6890 4539 9227 1239
9930 5056 4044 6176 208 8352 4598 7530 3107
6208 7910 4224 7289 9212 6267 220 7004 931
2517 9310 6443 7207 8953 2064 8710 6088 9319
826 579 2858 8836 1920 7668 2802 8764 7452
8975 4017 502 6250 221 3381 1299 4969 9097
4545 3673 8250 8455 9137 8303 5839 9954 4904
7576 6219 1680 9546 5197 8265 7374 5221 8237
9732 8931 7370 4958 512 7825 5270 796 7419
5153 2355 641 7479 69 5442 7446 433 880
9439 3675 9822 8859 6529 108 3858 5833 4172
2340 3608 1426 7533 3455 1924 9899 2519 9767
6814 2431 3360 7863 9306 9042 3184 9626 8345
8246 1299 6028 4682 2345 296 8362 9240 1208
2375 6117 4884 9856 206 1139 3884 9239 6638
6270 3716 118 7771 772 7950 6601 7895 4148
988 7125 291 8832 1543 4691 6454 5829 491
1100 3841 636 8801 5379 9137 2405 4178 5733
1270 5021 9401 4789 2185 1993 9216 486 7985
5759 6881 5575 3664 7533 624 5743 1136 3792
8857 317 8000 3004 6283 6156 1547 3337 4625
4952 2073 1957 2864 2471 8479 4532 5392 3940
8828 871 4173 8228 7662 8611 1110 4713 7576
8110 3278 8907 6093 9213 3018 4133 2410 8118
6218 2740 8832 1734 5073 9235 6509 7911 2169
1265 6356 6281 5230 6746 5836 5293 915 457
6854 2488 9006 4311 9171 5304 7390 3949 5784
9345 1091 3936 3624 4010 4146 2580 2131 934
945 5155 1461 7133 9506 6349 8898 9104 3702
4574 8792 5639 9432 8761 9229 3052 6280 5195
9016 1041 8446 7584 9805 1092 309 4584 6484
2293 7181 7125 7732 6717 795 9037 1124 8711
1648 44 1294 7888 595 7025 2316 8385 7366
1074 4254 9987 186 50 6979 8440 163 9708
800 9803 5937 1728 7232 9776 8010 2948 6971
8786 3935 3562 3672 7402 2377 6950 7098 7410
1929 5583 6493 7636 7064 1205 4187 2860 7297
1006 9604 8759 9441 9003 4260 9016 4875 6052
7613 3936 297 938 4738 4762 9156 3388 9024
1840 4993 5589 2882 3622 8553 503 1590 3242
2155 9809 8375 2580 7885 9775 5896 6250 2636
1095 9243 9863 132 9706 9494 7016 6969 1949
1878 4623 3159 7143 5502 8259 9041 8565 1781
6243 9787 2776 6516 9044 5662 9628 4907 3078
5687 4740 7783 4368 4423 5211 2837 2027 667
5582 1470 2048 6448 5557 9858 4012 4947 811
5060 8973 9722 6104 5119 8380 5408 2956 4504
4683 2088 8327 9823 4162 2882 9016 1299 6918
2651 4754 6293 507 7676 4014 9205 1803 886
3461 7094 4542 9585 710 153 6899 3477 9257
6042 5974 2906 9682 1413 9361 7621 8570 3465
830 6064 9895 8751 7583 8604 4266 7608 8787
699 9428 5030 5358 9841 9153 2436 1493 3495
2368 4815 7183 7114 3658 2761 7171 631 3049
9321 5425 1571 5072 769 4542 751 4542 4125
6771 5650 3684 4133 1970 8905 3887 8475 9425
8908 1781 4314 2455 5167 8110 6711 46 1175
4648 9789 6525 2715 1046 8045 7556 9886 7701
9677 496 6566 6287 299 4871 6901 4256 7691
4158 1097 2835 3496 6282 7925 7197 3201 1429
7526 979 3673 7975 6779 7906 4027 1613 2533
8239 5815 1908 3720 6826 1810 6598 7818 2675
8716 2238 2975 5116 1084 2474 9042 2287 1630
4771 7726 4357 6445 8771 7083 6478 7209 6168
8892 5258 7483 7222 7587 531 9872 2949 1983
3980 4958 8892 6794 9287 1385 6000 8002 6434
2884 347 3937 8753 4768 4306 3862 7118 9245
8448 9683 3200 4268 833 8115 6839 7993 1456
4094 5725 5690 2070 5445 9093 9345 2064 3955
4468 6257 5499 8162 6742 381 6839 1202 1934
9136 923 8528 868 3338 7403 5741 5290 8286
1993 3570 4877 9426 6219 5930 9285 6801 8074
7026 4048 2566 9320 4293 996 4824 5314 6628
1336 939 3672 7554 8352 3907 180 8288 5582
5113 1388 2254 9387 864 9726 5831 6856 6758
36 278 6718 9371 5802 5664 9696 4371 8074
4413 4746 1346 7593 7306 8125 1678 2961 915
7957 2602 2646 9863 8130 6841 8585 4255 2885
1491 1896 9444 3876 9643 118 5758 6347 399
2084 4693 4418 6437 5814 5805 5326 3139 504
2529 9617 63 5170 4248 8240 7239 3536 6447
3671 2134 4862 9764 287 8743 1935 3829 7869
6341 1541 1500 1046 1259 5227 4918 9178 5236
5030 4254 87 1264 9771 3979 8692 6824 5820
6929 8025 6207 4290 704 8612 9582 3359 3229
9281 4041 5611 2459 173 9871 3844 8765 9483
2229 6546 1803 7026 7726 3031 4621 4300 7802
4575 2558 6152 5352 9673 1776 2578 2353 3222
5244 2655 1106 1911 1799 194 9222 7818 8268
7896 5831 161 3760 7282 9686 9599 5563 7769
7467 8838 2782 3979 4613 1613 4651 4912 653
8858 6302 1943 3086 9433 608 4689 4928 7918
7253 7431 578 1441 1757 5911 3751 726 8230
1700 2228 1716 1927 9986 1162 3977 4047 4803
4741 7828 5526 9294 8561 7860 3731 3206 4457
7794 4029 8203 2803 4720 6579 3183 5145 2261
9823 4980 5350 8562 8211 5952 9725 7180 3142
2828 3886 6936 2075 1027 6363 3439 424 6468
3409 7653 5003 183 9526 4015 4893 3688 6677
7105 1233 5500 7794 4176 9248 3236 5701 7774
4160 7743 3783 1129 1686 7402 3630 2217 5776
1104 7907 8840 2192 6273 9267 4987 1195 9377
7913 8418 2892 2125 5959 5468 4082 5770 3922
9002 2464 6544 2158 9314 5951 3329 1707 8571
3006 2993 4914 5125 1674 8464 1789 7862 3284
5197 3063 7065 2446 4483 5889 5896 3138 373
9283 2117 6248 4084 1293 7397 416 2817 1508
6492 9176 8599 3369 25 9009 120 1314 7882
8627 700 7403 8317 7961 8014 1157 8170 5891
8880 5232 566 5734 1029 9511 7887 9900 5677
8919 6962 8542 2615 4648 9978 1302 3467 7052
8906 1805 2245 1555 694 7182 4272 5764 3181
2648 6584 6408 5918 5646 1044 8216 6550 8451
9083 9311 4208 7312 411 6543 3206 3712 4235
8948 3743 4267 8064 1343 4699 9805 2652 8503
9429 1831 5032 8970 7514 8759 1413 4787 7416
4458 8938 7737 3098 9888 6814 2981 3229 5061
6320 9513 3870 4828 2580 8769 8827 4066 2758
4306 3762 3645 6088 3675 9559 7920 2687 3992
648 9587 7684 5480 4385 6013 9853 920 7459
4045 5745 8559 7243 9723 1620 3719 3304 2638
1036 1737 8217 5997 182 2839 6011 4825 5356
5457 8739 8425 8271 5747 2151 8045 6917 5621
5927 7442 2552 370 8355 8997 422 3432 4670
8194 9865 5635 501 7106 7527 9240 9401 2546
6433 4669 680 2012 2929 9962 2469 2096 1960
3675 7394 2155 9238 8311 8965 8944 4741 9753
6693 2569 6573 3749 3866 9883 6039 6403 3984
4894 3236 7930 8550 179 7935 2421 3383 1654
4153 240 4527 1490 867 2826 9602 1554 4764
4283 2132 4572 7260 2308 7101 9352 3622 1091
6433 50 483 2428 2506 7601 5251 1187 7328
30 9089 5575 9716 5702 5823 7681 8607 4806
1534 6165 956 6148 528 824 851 9480 1363
6416 7304 5580 4465 4995 1740 107 4274 7675
6469 471 6310 9633 6211 4692 8242 3726 7105
2392 7539 2950 6270 9786 6827 4836 4602 1881
9984 8251 5959 6719 1107 6446 1417 9116 3466
1985 9251 5925 7793 4868 8557 3318 7181 4119
4444 2074 7685 4776 9140 1002 6949 8212 4483
7821 7050 1992 175 4930 5081 2326 3082 9415
1372 2031 4718 6386 2170 5119 3010 8592 7293
8955 2893 1201 6177 1738 8616 9228 8699 8566
8748 1388 2425 3746 8502 5716 383 4623 4545
3457 5314 4404 6110 2983 703 2568 4525 9513
4555 7249 5315 4914 8506 3591 7534 8714 8541
2815 6919 2482 2988 6189 2425 9891 3030 777
8956 1280 2979 3214 407 8499 8069 3447 3298
9158 5402 9649 2620 8468 7680 4144 8807 4908
3272 8326 742 1502 3734 1016 8487 3171 8730
6090 3119 5347 9066 3976 9791 8809 5299 8390
8040 5390 4041 8905 1801 849 5329 333 8865
5800 2349 7794 2978 5960 6297 239 7742 6954
4255 6158 9841 2120 9871 6314 4306 185 3092
7937 9419 1999 7949 8544 4355 9696 7219 6587
9094 5740 1443 7209 8578 1994 4817 7613 3230
1478 7901 2197 9531 6292 430 1529 3018 1858
4955 8537 5109 8344 8764 511 775 6511 9041
5004 4220 7325 703 1635 388 5144 4930 9788
5268 3963 8056 9701 5950 3528 2124 6390 3605
4861 2622 4824 3799 4213 8752 3362 6753 3712
2347 8121 1242 3886 5646 4928 7919 7307 5957
6932 7431 3692 8322 5258 8392 8945 8306 8946
998 8065 8308 9221 5821 2540 2738 582 6938
1323 2060 9488 6731 8322 356 5569 683 3854
2675 4187 1440 2517 92 6886 3174 8107 1823
8349 2101 1650 9804 773 9303 8329 9507 8491
8835 4149 6965 9058 478 9268 2243 2358 6938
7169 4905 4292 8373 8824 9008 5773 7666 5062
7610 9260 6010 1160 1122 2785 7438 8932 3894
1185 8394 7481 6165 9274 4469 8897 1869 1080
1334 2591 5299 1412 13 4563 7066 9218 1348
2617 5759 4578 3508 10000 3948 4647 8789 9271
7145 5671 646 1624 6743 5158 5311 8814 1535
7745 7232 6453 2912 3567 4086 583 8767 8453
6449 9087 4207 7700 113 5017 8516 4947 4643
1108 3269 2908 9106 8378 6241 142 200 4805
6384 5060 4180 8348 8594 6930 7508 4475 6386
9242 5252 2987 5405 377 8113 8756 1452 2946
9553 6356 6745 7835 6589 7694 3540 7709 4553
4687 6043 6145 8557 1390 9566 7482 7135 5647
9269 769 5073 7152 6160 7760 8518 3834 111
5942 6196 3671 4966 3060 1290 2227 7293 1961
7545 578 6709 2348 4848 4611 7743 8623 7372
7655 4993 8621 7392 2716 4995 4574 1599 9486
7533 649 9215 7153 8791 2149 5727 4906 9351
1705 1594 4256 1671 5152 6864 6178 5799 9809
4920 7806 1386 4888 9774 6630 1019 1070 9726
5541 8854 7829 9570 1370 2520 1792 3773 2920
6490 1870 464 1910 1078 6963 3582 6603 9581
9122 3586 9173 148 6745 5047 4006 6518 8991
6700 3693 9273 7842 3311 2112 2147 3597 5538
182 8668 2715 7114 3243 1439 209 1956 9922
7292 8906 614 6160 7999 7829 367 2285 5003
1798 8581 5798 9105 6669 2577 4718 4090 9820
6577 9688 6259 3147 9592 9724 728 8148 3515
1841 854 4620 5288 7247 7300 520 8905 2029
9703 2114 4956 488 7403 4058 1238 3113 5924
3456 288 8486 2478 7813 3225 9614 1767 5957
6197 8451 2177 5387 5049 6650 4349 3331 1245
3644 5058 8382 869 5599 2262 3051 191 3743
2557 5402 1218 791 8823 9637 7394 7770 259
7866 9133 4935 3930 9248 8282 881 3605 8301
4924 496 2945 9847 7359 1001 5337 6509 9831
713 3343 8966 8598 6464 4192 2982 4419 2911
2817 3331 4169 6937 8288 6353 6857 7594 7087
5629 8805 179 8992 7432 7775 6814 3630 2280
2876 9780 9806 8077 4415 2613 7172 8972 3813
6609 746 2335 7584 1391 3576 741 9142 5191
3717 7262 9254 2404 6726 5634 6125 9115 2055
1893 7355 4093 4040 1153 2537 6109 498 3640
6983 2934 2571 9065 1504 768 1103 7962 5538
9436 9269 9807 2334 2493 8922 471 6037 5315
1790 9211 6136 9252 9299 8786 8971 9159 2807
3769 8367 8267 5020 6814 4183 7718 4525 9431
2554 4093 8771 5156 2468 8419 974 5733 7642
6177 2120 8704 1210 9334 8974 9422 5299 9230
2151 722 2225 535 2207 6346 3175 1293 3861
6314 4094 6182 9128 7684 9916 176 995 6425
7694 5282 915 8741 7637 7564 7340 9372 3468
7726 5926 7141 1161 5264 5413 9336 9737 3116
5279 6557 7055 7926 1559 2970 4548 4896 8206
5915 8777 6846 1581 7061 3320 7567 8993 4952
7962 8281 9696 3508 5422 8655 40 6423 2086
3658 8477 1862 7125 8270 1824 1657 7143 8977
3000 1261 303 1032 5074 6855 15 1034 4790
1754 9344 4148 2830 4206 2884 2701 2760 2675
5459 7193 9630 5783 1920 8622 5838 4193 7652
3119 265 7026 2353 9416 1946 8530 697 8256
8370 3754 1734 14 7125 1034 633 7056 6298
898 3033 9992 9238 7477 9507 2234 8320 3794
5046 4653 3535 2569 1010 9879 447 2546 3818
6985 4765 1166 8091 3769 7602 5310 4932 1532
9226 2389 3888 8772 3914 9534 7914 1242 3069
2203 8334 8382 1495 1218 4972 8200 7411 452
6817 3985 7392 3596 8948 7794 2949 9855 6518
1490 742 6147 4166 2799 960 4307 146 1748
9600 7693 1428 8594 8523 9799 1330 363 5176
8882 1286 6626 1056 9485 295 2770 9013 3114
3784 769 7851 4620 7793 8579 3772 8259 3936
2496 4376 8333 844 7358 1667 6188 7968 8157
9805 1595 9810 8525 1386 1274 7597 4600 8081
8181 3055 9535 9503 8761 1911 8951 6779 1813
